delay,delivery_rate,send_rate,cwnd,loss_rate,ts,reward,infer_time,distribution
4.94761638656,10.5808142135,11.4005292331,10.0,0,129,0,0,0
16.180674566,11.2502628666,12.4878871925,20.0,0,167,0,0,0
20.7644006769,12.163449561,14.0789260486,30.0,0,202,0,0,0
25.4937604341,11.4899409287,15.4479841656,40.0,0,237,0,0,0
35.8810644813,11.4265922769,11.42248188,40.0,0,273,0,0,0
35.9188669156,11.378062663,11.4253587596,40.0,0,307,0,0,0
35.6328884462,11.5021910904,11.4834764293,40.0,0,345,0,0,0
35.8966836699,11.3890142553,11.4211435097,40.0,0,379,0,0,0
36.0130071371,11.3400132975,11.377236076,40.0,0,415,0,0,0
36.1372158252,11.3478500657,11.3312920106,40.0,0,451,0,0,0
35.803731235,11.4257773437,11.4529897901,40.0,0,485,0,0,0
35.939876956,11.3405470782,11.3976883236,40.0,0,520,0,0,0
35.9169016052,11.4090560774,11.4362991073,40.0,0,556,0,0,0
35.8451303404,11.4387952016,11.453430857,40.0,0,590,0,0,0
35.5360498556,11.4875861631,11.5345139645,40.0,0,623,0,0,0
35.8189634148,11.3896355255,11.4881994427,40.0,0,658,0,0,0
36.1641586138,11.3762073594,11.3350978095,40.0,0,694,0,0,0
36.2125387318,11.3438193823,11.3039608598,40.0,0,729,0,0,0
35.4446922403,11.4792763437,11.5595707319,40.0,0,764,0,0,0
36.1705479273,11.3195843704,11.3620761149,40.0,0,799,0,0,0
36.567196625,11.2667409756,11.2350159593,40.0,0,843,0,0,0
29.5943410754,13.7966010815,13.9801906836,40.0,0,880,0,0,0
35.9780491621,11.4019964444,11.398077339,40.0,0,915,0,0,0
35.5671600016,11.4916264807,11.5323266342,40.0,0,952,0,0,0
36.3808669578,11.2478689023,11.3110451396,40.0,0,987,0,0,0
35.9262500097,11.3592641882,11.4113473218,40.0,0,1022,0,0,0
35.9345856357,11.3164804231,11.4141111841,40.0,0,1057,0,0,0
35.5772782233,11.4807771183,11.509272836,40.0,0,1091,0,0,0
36.2076524823,11.3310884722,11.2992752665,40.0,0,1128,0,0,0
35.5820191796,11.4291156973,11.5161026316,40.0,0,1162,0,0,0
35.8924775364,11.4084626999,11.4093187057,40.0,0,1198,0,0,0
35.8322581614,11.418356479,11.4345598936,40.0,0,1232,0,0,0
36.065509634,11.3678394387,11.3911595752,40.0,0,1267,0,0,0
35.6641902653,11.4623945218,11.4807221681,40.0,0,1304,0,0,0
36.6742097078,11.2152707054,11.2036991727,40.0,0,1339,0,0,0
35.7494719289,11.4691873897,11.4741826236,40.0,0,1375,0,0,0
35.6027643658,11.4678281875,11.5259388774,40.0,0,1410,0,0,0
36.6317253394,11.2584206912,11.1708825988,40.0,0,1444,0,0,0
34.4039595671,11.8444413681,11.9469413083,40.0,0,1478,0,0,0
35.9386953702,11.4278849882,11.3734379828,40.0,0,1514,0,0,0
35.7051912968,11.4200065434,11.4550223588,40.0,0,1551,0,0,0
35.9156317283,11.4047225245,11.3875803723,40.0,0,1588,0,0,0
36.2400590241,11.2743729769,11.302543537,40.0,0,1624,0,0,0
35.6955368111,11.4603622861,11.4597817162,40.0,0,1660,0,0,0
35.5544902845,11.5125460377,11.5142330185,40.0,0,1695,0,0,0
35.6142258631,11.4941363647,11.5337967585,40.0,0,1732,0,0,0
35.8941651496,11.4388328317,11.4052027708,40.0,0,1766,0,0,0
35.8097959901,11.2898792272,11.4627465564,40.0,0,1801,0,0,0
36.0769387212,11.3220010524,11.3858950566,40.0,0,1836,0,0,0
36.337919953,11.2916326353,11.2842657479,40.0,0,1870,0,0,0
36.1116055629,11.3538215999,11.3988706592,40.0,0,1905,0,0,0
35.7629453578,11.4804833017,11.4815370118,40.0,0,1940,0,0,0
35.5467761738,11.4810679222,11.5417158087,40.0,0,1974,0,0,0
35.9091481082,11.4088632702,11.4222062115,40.0,0,2008,0,0,0
36.642641951,11.2178441724,11.1733436535,40.0,0,2045,0,0,0
36.0631953597,11.3847010401,11.3992211256,40.0,0,2081,0,0,0
35.9947717676,11.4078851993,11.3484701611,40.0,0,2118,0,0,0
35.5192558843,11.4506801599,11.5399454118,40.0,0,2153,0,0,0
35.3597889913,11.5413951216,11.5796695437,40.0,0,2188,0,0,0
35.5862926368,11.4175591835,11.5093368461,40.0,0,2223,0,0,0
35.6690510042,11.4430246373,11.481941216,40.0,0,2259,0,0,0
36.1594834337,11.3144403202,11.3521735347,40.0,0,2295,0,0,0
35.7344400355,11.389407342,11.4769606857,40.0,0,2331,0,0,0
37.2961735863,11.0856648405,11.1037330594,40.0,0,2368,0,0,0
29.9434609842,13.5817771263,13.7445581295,40.0,0,2403,0,0,0
35.7634164686,11.4624625985,11.4530319875,40.0,0,2438,0,0,0
36.352628207,11.2533818185,11.3462638947,40.0,0,2474,0,0,0
35.8510715263,11.4617106952,11.403097263,40.0,0,2509,0,0,0
35.977051683,11.3583657485,11.4128005561,40.0,0,2544,0,0,0
35.742355355,11.3647242814,11.4976494418,40.0,0,2580,0,0,0
36.0980852158,11.378266767,11.3422110294,40.0,0,2616,0,0,0
36.1710679952,11.3224848927,11.3351827267,40.0,0,2651,0,0,0
36.3099879739,11.2793913699,11.3116936599,40.0,0,2685,0,0,0
35.0632284327,11.6176610063,11.6512588987,40.0,0,2722,0,0,0
36.8357994722,11.0821790673,11.1511066031,40.0,0,2756,0,0,0
35.9857939195,11.3978031092,11.4732518283,40.0,0,2790,0,0,0
36.124353907,11.4071517212,11.346434138,40.0,0,2826,0,0,0
35.5273175794,11.4869965726,11.5593120014,40.0,0,2861,0,0,0
36.1791682444,11.3403121064,11.3685537068,40.0,0,2898,0,0,0
35.6822717878,11.5379761881,11.4809124098,40.0,0,2933,0,0,0
36.0973886856,11.3282627022,11.3719408582,40.0,0,2968,0,0,0
36.1639921245,11.3167687062,11.4178087089,40.0,0,3002,0,0,0
36.0620896944,11.4201377627,11.3647202014,40.0,0,3038,0,0,0
35.7850031904,11.400130037,11.4420477718,40.0,0,3073,0,0,0
35.4449443417,11.5406665333,11.5904387006,40.0,0,3109,0,0,0
35.9547307004,11.4017924481,11.4228845035,40.0,0,3143,0,0,0
35.7570785619,11.4352008038,11.4700005427,40.0,0,3178,0,0,0
37.613889215,11.0456432657,11.046385668,40.0,0,3221,0,0,0
28.3665455805,14.5322143738,14.6299419773,40.0,0,3258,0,0,0
35.5114019696,11.478302146,11.5621694261,40.0,0,3293,0,0,0
36.2765100599,11.3259705117,11.3151090472,40.0,0,3329,0,0,0
36.139581228,11.3357794473,11.3602774653,40.0,0,3367,0,0,0
35.9259054931,11.3833653695,11.3911508101,40.0,0,3403,0,0,0
35.3981253617,11.4213127924,11.5289960176,40.0,0,3439,0,0,0
35.7095796304,11.4025293618,11.4645317369,40.0,0,3475,0,0,0
36.3855886486,11.2410829726,11.2702161429,40.0,0,3512,0,0,0
35.6936620902,11.4318428687,11.4645613464,40.0,0,3548,0,0,0
36.2765424966,11.2645203835,11.2942124049,40.0,0,3583,0,0,0
36.0175602171,11.3524405799,11.4107517449,40.0,0,3619,0,0,0
35.8655885912,11.4320643041,11.4418903794,40.0,0,3653,0,0,0
35.3527608924,11.5484316975,11.5892095298,40.0,0,3690,0,0,0
36.6485653718,11.1827365685,11.1789571742,40.0,0,3725,0,0,0
35.3275605799,11.5538972337,11.5845771896,40.0,0,3760,0,0,0
35.7200878723,11.4374466553,11.4835682523,40.0,0,3796,0,0,0
35.9857310468,11.3682077939,11.4241497496,40.0,0,3831,0,0,0
36.6769501665,11.1796338127,11.1892303564,40.0,0,3866,0,0,0
35.8239352281,11.4121442383,11.4778808102,40.0,0,3901,0,0,0
35.8161815701,11.4218768221,11.4630971587,40.0,0,3937,0,0,0
35.6007437727,11.5030472027,11.5214595362,40.0,0,3973,0,0,0
38.4220369544,10.8071502986,10.9281263577,40.0,0,4008,0,0,0
29.3514634084,14.0790497055,14.2263058406,40.0,0,4042,0,0,0
48.5883007037,10.0076692801,13.7016787452,50.0,0,4087,0,0,0
50.8994009619,9.51965127357,13.2068839532,50.0,0,4123,0,0,0
80.9747792968,9.94964193607,10.4712342177,60.0,0,4157,0,0,0
88.014835036,10.7421143577,13.3631011138,70.0,0,4217,0,0,0
98.731118306,9.61603083146,12.1979870989,70.0,0,4251,0,0,0
125.241472441,11.8543256358,11.8386815256,80.0,0,4299,0,0,0
133.155951859,11.3133146125,11.2548874505,80.0,0,4334,0,0,0
131.894113476,11.3079639097,11.3335281998,80.0,0,4376,0,0,0
129.774826527,11.5260574153,11.5457384407,80.0,0,4411,0,0,0
128.378582843,11.5553760096,11.5558646489,80.0,0,4456,0,0,0
132.049265287,11.3505171915,11.3638584822,80.0,0,4491,0,0,0
130.607772041,11.3740673183,11.4374659526,80.0,0,4539,0,0,0
129.517278698,11.5187600386,11.5469594643,80.0,0,4575,0,0,0
133.447187567,11.2679581344,11.1965870835,80.0,0,4616,0,0,0
131.569167369,11.3318992349,11.4180757717,80.0,0,4651,0,0,0
130.765338323,11.4398073881,11.4237007337,80.0,0,4696,0,0,0
130.396599854,11.4763006376,11.5247574977,80.0,0,4730,0,0,0
130.110254339,11.4445850876,11.4966035176,80.0,0,4777,0,0,0
129.55406686,11.4646773635,11.5121322573,80.0,0,4814,0,0,0
133.176620459,11.3361095809,11.243438463,80.0,0,4858,0,0,0
131.692229995,11.3220906637,11.3478456,80.0,0,4894,0,0,0
130.287832001,11.4141839527,11.4307898594,80.0,0,4939,0,0,0
135.885773793,11.0704120682,11.0520729988,80.0,0,4986,0,0,0
139.68530093,10.8270996306,10.8735972273,80.0,0,5020,0,0,0
115.02158408,12.7761882287,12.9436586063,80.0,0,5054,0,0,0
120.240953389,12.3923308467,12.2658776884,80.0,0,5098,0,0,0
135.844672283,11.0796743398,11.084049033,80.0,0,5136,0,0,0
130.715517411,11.4917047078,11.4123825511,80.0,0,5178,0,0,0
130.773486574,11.386900411,11.4041990419,80.0,0,5215,0,0,0
137.586637684,11.0320813593,10.9459168178,80.0,0,5256,0,0,0
128.588088725,11.5579843596,11.5813152628,80.0,0,5293,0,0,0
128.037770017,11.5892378925,11.6030564327,80.0,0,5337,0,0,0
132.877020544,11.2496630654,11.2582649224,80.0,0,5373,0,0,0
128.767132871,11.5199509763,11.5417770726,80.0,0,5420,0,0,0
126.869039336,11.6528265441,11.7033410088,80.0,0,5458,0,0,0
133.887631344,11.262470494,11.2088995234,80.0,0,5496,0,0,0
130.968747046,11.4009306544,11.4751083016,80.0,0,5532,0,0,0
134.367854361,11.2548142205,11.1875759528,80.0,0,5575,0,0,0
132.505561931,11.3535534278,11.3529230145,80.0,0,5611,0,0,0
129.523519807,11.4623643379,11.5241422048,80.0,0,5654,0,0,0
131.346305561,11.3804324937,11.447026747,80.0,0,5690,0,0,0
131.327615868,11.4412550215,11.4134835225,80.0,0,5733,0,0,0
130.61267757,11.4692650847,11.4990211388,80.0,0,5768,0,0,0
128.047031879,11.6521513027,11.5813099139,80.0,0,5815,0,0,0
131.681280838,11.3950381542,11.4063450138,80.0,0,5850,0,0,0
117.722412109,12.4315668785,12.6029132503,80.0,0,5892,0,0,0
129.919101173,11.498834616,11.5422618454,80.0,0,5926,0,0,0
131.024750466,11.4291621812,11.4148432134,80.0,0,5976,0,0,0
131.331974831,11.4025650451,11.4543152599,80.0,0,6011,0,0,0
132.222616291,11.3678986215,11.3175733478,80.0,0,6054,0,0,0
131.288678554,11.4319049107,11.4349750936,80.0,0,6090,0,0,0
130.817169189,11.426545332,11.4344190287,80.0,0,6137,0,0,0
127.635390594,11.6931030844,11.8153546851,80.0,0,6175,0,0,0
131.982272639,11.3649571782,11.4313711751,80.0,0,6214,0,0,0
130.721742053,11.5042860404,11.5115574524,80.0,0,6249,0,0,0
133.467297077,11.1741490042,11.2301698965,80.0,0,6294,0,0,0
129.866447915,11.5099585326,11.5611658717,80.0,0,6332,0,0,0
130.588375092,11.3887643827,11.392042036,80.0,0,6373,0,0,0
131.595384032,11.4061498819,11.4165055373,80.0,0,6409,0,0,0
131.287689686,11.3654063072,11.3573101275,80.0,0,6454,0,0,0
130.669030901,11.442621433,11.481981481,80.0,0,6490,0,0,0
131.016666412,11.3480565768,11.3792386113,80.0,0,6534,0,0,0
131.695809388,11.3933922666,11.3949415888,80.0,0,6568,0,0,0
130.446506524,11.4484274004,11.4600729821,80.0,0,6615,0,0,0
131.572936332,11.3841481164,11.4357695258,80.0,0,6651,0,0,0
133.507099991,11.2757054113,11.2387090819,80.0,0,6695,0,0,0
130.161116423,11.4865273048,11.5335633317,80.0,0,6732,0,0,0
133.113555908,11.2441182137,11.2157992282,80.0,0,6771,0,0,0
131.178991269,11.4577269752,11.4638508173,80.0,0,6807,0,0,0
131.334901908,11.4072844191,11.3903691226,80.0,0,6854,0,0,0
130.475515968,11.4701585789,11.5015852188,80.0,0,6888,0,0,0
131.670743468,11.36406096,11.3542887896,80.0,0,6936,0,0,0
131.203074576,11.4285890376,11.4300841282,80.0,0,6972,0,0,0
131.407880128,11.34266715,11.3660989782,80.0,0,7013,0,0,0
130.181466995,11.4757718379,11.5082860472,80.0,0,7050,0,0,0
132.301695744,11.284295339,11.334203323,80.0,0,7093,0,0,0
130.376789108,11.4567520558,11.5065922882,80.0,0,7130,0,0,0
131.397169023,11.3731206732,11.3793061952,80.0,0,7173,0,0,0
132.163122573,11.3651073775,11.3854276762,80.0,0,7208,0,0,0
130.959003389,11.2526396049,11.3731279584,80.0,0,7249,0,0,0
131.796595666,11.3869093029,11.403033583,80.0,0,7287,0,0,0
133.734451462,11.1931976393,11.2046767275,80.0,0,7331,0,0,0
129.094396382,11.5527807887,11.5876576162,80.0,0,7367,0,0,0
132.159980774,11.2754345249,11.3202635578,80.0,0,7411,0,0,0
130.56955071,11.4369955498,11.4971970073,80.0,0,7447,0,0,0
131.535880983,11.3300701123,11.3550626773,80.0,0,7490,0,0,0
130.163131351,11.4801612296,11.5009780131,80.0,0,7525,0,0,0
128.638455816,11.5385600299,11.5318972996,80.0,0,7572,0,0,0
131.945941572,11.3344678337,11.4030170381,80.0,0,7607,0,0,0
131.046947539,11.3783474344,11.3754480187,80.0,0,7651,0,0,0
129.483703637,11.5532805706,11.5752618438,80.0,0,7687,0,0,0
130.077598512,11.4133534111,11.4289869399,80.0,0,7732,0,0,0
130.89799326,11.4259420421,11.4604613672,80.0,0,7770,0,0,0
132.418212891,11.2521767853,11.2600261351,80.0,0,7811,0,0,0
131.194527237,11.407069193,11.4766405761,80.0,0,7847,0,0,0
131.958004528,11.3082322556,11.3329150474,80.0,0,7890,0,0,0
131.916050496,11.4001782575,11.3834607225,80.0,0,7926,0,0,0
129.292124264,11.4875908708,11.5101342385,80.0,0,7971,0,0,0
129.176528279,11.5272427926,11.5985558753,80.0,0,8009,0,0,0
132.534690797,11.2710585541,11.2353877638,80.0,0,8051,0,0,0
131.807345771,11.3853927574,11.4016640039,80.0,0,8089,0,0,0
139.556339878,10.8098020855,10.824894633,80.0,0,8140,0,0,0
154.924525379,10.3154656615,11.5522183585,90.0,0,8182,0,0,0
156.005298919,10.2350488555,11.3980007603,90.0,0,8230,0,0,0
162.79339841,11.3356689353,12.2290831627,100.0,0,8268,0,0,0
173.717724672,10.6853658714,11.6156537709,100.0,0,8331,0,0,0
189.413906456,11.2263192482,12.5242953931,110.0,0,8381,0,0,0
199.844208696,10.7721681552,12.0198007755,110.0,0,8439,0,0,0
208.013917398,10.4969040664,10.7300903443,100.0,0,8471,0,0,0
240.961708796,11.7210960738,10.7802597158,100.0,0,8510,0,0,0
240.237478046,11.6313404096,10.0765078792,90.0,0,8558,0,0,0
201.601658937,11.7479330692,9.72136592005,81.0,0,8661,0,0,0
133.331469614,11.3486553656,11.335400637,81.0,0,8743,0,0,0
132.830062447,11.4250641156,13.0095493485,91.0,0,8825,0,0,0
159.484208888,10.8872271186,12.411510484,101.0,0,8917,0,0,0
195.107449716,11.2288974624,12.4855523709,111.0,0,9017,0,0,0
224.901241828,11.3983350373,12.4181957588,120.0,0,9127,0,0,0
231.737690714,12.0976756861,11.2637332017,110.0,0,9159,0,0,0
252.77792163,11.3253194162,10.198424793,100.0,0,9245,0,0,0
207.982170819,11.7123905619,10.058986026,90.0,0,9348,0,0,0
162.780261493,11.2469489934,10.7802295215,81.0,0,9441,0,0,0
133.290256106,11.5331279782,13.0667810404,91.0,0,9524,0,0,0
163.033647266,10.8675347233,12.2574797082,101.0,0,9614,0,0,0
194.79612388,11.241645429,12.5391510728,111.0,0,9713,0,0,0
226.318140352,11.3819785251,12.4389403972,120.0,0,9825,0,0,0
235.191315659,12.0731484095,11.2036557581,110.0,0,9856,0,0,0
255.446333356,11.2767492854,10.243782953,100.0,0,9943,0,0,0
210.715666944,11.6640543885,10.0342530027,90.0,0,10048,0,0,0
164.99011586,11.2329952948,10.801261081,81.0,0,10141,0,0,0
140.465402905,11.0260307646,12.5401329741,91.0,0,10222,0,0,0
159.951686672,10.950618972,12.5052068442,101.0,0,10311,0,0,0
194.646518468,11.2511676454,12.6067466436,111.0,0,10414,0,0,0
225.919741104,11.4436332701,12.4110309587,120.0,0,10520,0,0,0
236.76608819,12.0112868133,11.1324015993,110.0,0,10553,0,0,0
254.064747263,11.322475509,10.2021201727,100.0,0,10642,0,0,0
207.100072002,11.8305064695,10.1991785219,90.0,0,10744,0,0,0
163.5979982,11.3613968814,10.9753711941,81.0,0,10835,0,0,0
136.66216035,11.3838391224,12.9087786042,91.0,0,10917,0,0,0
161.68570087,10.8623857604,12.2211579531,101.0,0,11007,0,0,0
195.314242958,11.1959459212,12.5746640681,111.0,0,11109,0,0,0
227.678566711,11.3927608599,12.3957536851,120.0,0,11218,0,0,0
236.961251845,12.0472370474,11.1576343972,110.0,0,11250,0,0,0
256.64641965,11.2734747831,10.1891137336,100.0,0,11338,0,0,0
208.831168192,11.7634575185,10.1102823979,90.0,0,11441,0,0,0
160.123709301,11.4768818696,11.102470301,81.0,0,11534,0,0,0
136.184238886,11.3281464101,12.8906066375,91.0,0,11616,0,0,0
160.501411937,10.9508176803,12.3768557199,101.0,0,11707,0,0,0
196.929046855,11.1557930188,12.5035676388,111.0,0,11809,0,0,0
227.74905461,11.3801874979,12.3653597328,120.0,0,11916,0,0,0
237.66017203,11.9858482615,11.1131800039,110.0,0,11949,0,0,0
255.693583978,11.310400152,10.1351319994,100.0,0,12035,0,0,0
216.001164748,11.4830687268,9.79917286256,90.0,0,12149,0,0,0
197.556705346,10.2500523249,10.8067497641,91.0,0,12251,0,0,0
180.258283427,11.1738278533,13.5986972912,111.0,0,12350,0,0,0
261.090291872,11.1019453443,13.5291302846,141.0,0,12469,0,0,0
340.863062731,11.7322883085,12.7526534041,151.0,0,12609,0,0,0
403.77222725,11.1674640987,9.43135814835,121.0,0,12749,0,0,0
290.198800002,11.1525017533,9.53588863966,92.0,0,12861,0,0,0
212.400452041,11.3616332425,10.4555463678,92.0,0,12965,0,0,0
190.243478963,10.5703854192,13.0586594659,112.0,0,13071,0,0,0
240.515717647,11.0039721785,13.3256322048,132.0,0,13190,0,0,0
343.666815384,11.6117661944,11.1456622812,131.0,0,13330,0,0,0
329.868892207,11.2340657107,9.21012563694,101.0,0,13457,0,0,0
239.029664419,10.238459724,10.1408283374,91.0,0,13558,0,0,0
208.887628101,11.2994885687,12.5494493829,111.0,0,13657,0,0,0
238.028194952,11.7953877679,14.2770297834,141.0,0,13778,0,0,0
348.750897197,11.5163288079,12.6755374349,151.0,0,13916,0,0,0
408.913379527,11.3007223014,9.2430004391,121.0,0,14057,0,0,0
351.518579969,11.4974742202,9.46929227952,101.0,0,14176,0,0,0
236.888228396,11.6607150897,10.2589129513,82.0,0,14271,0,0,0
154.204986001,11.145665529,12.6229977368,92.0,0,14370,0,0,0
189.449925877,10.7547593809,13.1874866684,112.0,0,14478,0,0,0
251.644181429,10.8168664891,12.9824741341,132.0,0,14594,0,0,0
352.640598397,11.4987634577,11.1648714906,131.0,0,14737,0,0,0
337.942094028,11.3251303069,10.9721804858,121.0,0,14865,0,0,0
293.103515901,11.5302590908,9.69737815502,101.0,0,14983,0,0,0
284.059345941,11.3726440633,9.90202721386,111.0,0,15095,0,0,0
282.768493448,11.9346975484,11.9774768291,121.0,0,15217,0,0,0
310.632513777,11.3067719454,11.3388655225,121.0,0,15347,0,0,0
282.79626858,11.3416283933,11.3784022984,121.0,0,15451,0,0,0
298.693684171,11.4150117497,12.4040993646,131.0,0,15573,0,0,0
333.630175184,10.9309733572,10.9722220004,121.0,0,15703,0,0,0
298.958745794,11.2440442211,11.0099461811,111.0,0,15817,0,0,0
260.049655104,11.8132353912,10.2160024405,101.0,0,15921,0,0,0
231.676858336,11.2928559358,13.355840143,121.0,0,16031,0,0,0
307.347436562,11.4274680595,11.4958659692,121.0,0,16161,0,0,0
293.319336331,11.4399991774,9.63322172157,101.0,0,16277,0,0,0
281.091609053,11.4412512755,9.9574276442,111.0,0,16388,0,0,0
282.49147045,11.9733182235,12.0219121878,121.0,0,16509,0,0,0
298.166131056,11.413030289,11.4091885894,121.0,0,16632,0,0,0
301.645503869,11.3895873353,11.3850313144,121.0,0,16754,0,0,0
298.049131213,11.4394405594,11.4880908866,121.0,0,16875,0,0,0
311.294877991,11.0870667702,11.0636446392,121.0,0,16997,0,0,0
285.972050424,11.7716447456,11.8372387256,121.0,0,17117,0,0,0
298.889486147,11.4100996631,11.4455053369,121.0,0,17238,0,0,0
298.325077686,11.4097369055,11.4462237102,121.0,0,17358,0,0,0
298.883531148,11.4250965508,11.4153528519,121.0,0,17480,0,0,0
303.149024813,11.2928302671,11.316196353,121.0,0,17603,0,0,0
294.870650251,11.4750591679,11.5458026934,121.0,0,17724,0,0,0
298.793215363,11.4398931672,11.487940771,121.0,0,17846,0,0,0
300.32337491,11.3924281904,11.3879850035,121.0,0,17967,0,0,0
297.899515143,11.3765912807,11.4151251312,121.0,0,18087,0,0,0
297.493396084,11.3955461333,11.4166114534,121.0,0,18207,0,0,0
297.44503076,11.4413360323,11.4898224774,121.0,0,18329,0,0,0
301.841777055,11.3689644545,11.387599698,121.0,0,18450,0,0,0
296.818252587,11.5009783112,10.5584427851,111.0,0,18572,0,0,0
293.921770509,10.9563409211,11.5970118819,121.0,0,18692,0,0,0
297.239319067,11.4576949809,11.5036470129,121.0,0,18813,0,0,0
300.433713146,11.4200648559,11.4676801681,121.0,0,18937,0,0,0
300.861094102,11.3660678534,11.3717439528,121.0,0,19058,0,0,0
298.868945107,11.4014037533,11.4191277508,121.0,0,19179,0,0,0
296.179488409,11.431648351,11.4905957499,121.0,0,19299,0,0,0
299.447181306,11.4145526748,11.4470783526,121.0,0,19421,0,0,0
300.611716914,11.37225677,11.4264633241,121.0,0,19544,0,0,0
298.219950989,11.4452657557,11.4693221328,121.0,0,19665,0,0,0
304.612330318,11.303095013,11.3581424331,121.0,0,19788,0,0,0
296.318126037,11.5205892319,10.6242819048,111.0,0,19910,0,0,0
294.43991726,11.0134839606,11.5676554792,121.0,0,20030,0,0,0
300.956016263,11.3629533163,11.3836035848,121.0,0,20151,0,0,0
295.291762327,11.5732985357,10.6762589607,111.0,0,20274,0,0,0
290.39019897,10.9455404566,11.7428785752,121.0,0,20396,0,0,0
296.894830588,11.4399959981,11.4692686843,121.0,0,20517,0,0,0
298.193840969,11.3988968942,10.4947375475,111.0,0,20636,0,0,0
291.1604932,10.9437228053,11.7232684813,121.0,0,20756,0,0,0
306.478740222,11.2453856426,11.2383583839,121.0,0,20879,0,0,0
298.916748268,11.3953631547,11.430963871,121.0,0,21000,0,0,0
299.99033782,11.3982990316,10.4930116733,111.0,0,21120,0,0,0
302.574807292,10.8674408581,11.3170327062,121.0,0,21241,0,0,0
289.27571083,11.7277831143,11.7854438138,121.0,0,21363,0,0,0
301.294555136,11.3790117323,11.37574435,121.0,0,21486,0,0,0
296.769742833,11.3816993013,11.4333672283,121.0,0,21606,0,0,0
301.764852577,11.4026706126,10.484948852,111.0,0,21729,0,0,0
289.550083212,11.0897306243,11.7068556427,121.0,0,21848,0,0,0
299.469083152,11.3808561876,11.4185832225,121.0,0,21968,0,0,0
299.218641377,11.4304470035,11.4286094109,121.0,0,22090,0,0,0
298.944344849,11.3939601541,10.5113625692,111.0,0,22209,0,0,0
294.273986398,11.0008768646,11.6197641773,121.0,0,22329,0,0,0
296.630222497,11.4583603606,11.5011213072,121.0,0,22449,0,0,0
301.635341755,11.3935851697,11.4025411492,121.0,0,22572,0,0,0
297.915996211,11.4178139388,11.4786796363,121.0,0,22694,0,0,0
300.368026312,11.437409587,11.469599041,121.0,0,22816,0,0,0
300.274346876,11.344184721,11.3799716744,121.0,0,22936,0,0,0
285.254565968,11.8553008538,10.9006814673,111.0,0,23057,0,0,0
293.326482294,10.9185406819,11.6689778334,121.0,0,23179,0,0,0
297.938229258,11.405488314,11.4352000012,121.0,0,23299,0,0,0
299.549205498,11.4085305933,11.4161684431,121.0,0,23420,0,0,0
296.319290984,11.3740516155,11.3938813968,121.0,0,23538,0,0,0
300.529003119,11.4036393396,11.4130966106,121.0,0,23660,0,0,0
301.037762498,11.4042149863,11.4425654104,121.0,0,23783,0,0,0
298.924860674,11.4044579785,11.4306701551,121.0,0,23904,0,0,0
299.370486515,11.4297755826,10.4456486715,111.0,0,24024,0,0,0
293.709950874,11.1333126077,11.7000240921,121.0,0,24147,0,0,0
298.236009951,11.4021531094,11.4367946778,121.0,0,24266,0,0,0
298.751470077,11.4621750275,11.4822808079,121.0,0,24387,0,0,0
297.81237735,11.399169374,11.4192260154,121.0,0,24507,0,0,0
317.390973641,10.9600014781,10.0104651289,111.0,0,24628,0,0,0
281.084780665,11.069033133,12.1926217814,121.0,0,24752,0,0,0
300.881584782,11.4420101317,11.4550625725,121.0,0,24875,0,0,0
300.780217069,11.3796659291,11.4193606225,121.0,0,24996,0,0,0
301.378112958,11.3469181676,11.3880848815,121.0,0,25117,0,0,0
297.43980581,11.5119786885,11.5240420364,121.0,0,25239,0,0,0
301.004983183,11.3536126627,11.3765213155,121.0,0,25360,0,0,0
300.886768559,11.4160057664,11.438558942,121.0,0,25484,0,0,0
297.944140635,11.3944363231,11.4473828143,121.0,0,25605,0,0,0
296.547453464,11.4419002178,11.4907440142,121.0,0,25724,0,0,0
298.895348433,11.4818863882,11.4870539866,121.0,0,25845,0,0,0
304.227343144,11.2979884935,11.3473706436,121.0,0,25967,0,0,0
283.843303223,11.8663413439,11.0259062866,111.0,0,26088,0,0,0
284.013891214,11.1804633707,11.9435249339,121.0,0,26208,0,0,0
295.367217949,11.4582459374,11.4786760735,121.0,0,26328,0,0,0
299.993812661,11.3897901142,11.446351218,121.0,0,26451,0,0,0
295.084050921,11.4564610461,11.5060687356,121.0,0,26570,0,0,0
299.975654272,11.4165726489,11.461108674,121.0,0,26692,0,0,0
301.798386558,11.4419942417,11.4573423519,121.0,0,26817,0,0,0
298.577310637,11.4088836918,11.4727373754,121.0,0,26937,0,0,0
298.984864767,11.4357685674,11.4660388495,121.0,0,27058,0,0,0
299.594851805,11.3880024672,11.4081955764,121.0,0,27178,0,0,0
300.895315794,11.4103443056,11.4639958035,121.0,0,27301,0,0,0
296.855668528,11.471133381,11.4953362555,121.0,0,27421,0,0,0
302.375615613,11.3888857011,11.4133666844,121.0,0,27545,0,0,0
300.860116855,11.3747833421,11.37245371,121.0,0,27667,0,0,0
296.719224364,11.4399386389,11.4617402216,121.0,0,27788,0,0,0
298.670871498,11.4778341421,11.5418628825,121.0,0,27912,0,0,0
293.283678573,11.5107798558,11.5844476205,121.0,0,28031,0,0,0
297.037528431,11.4596868246,11.5041974044,121.0,0,28151,0,0,0
301.099544492,11.4025672687,11.429089039,121.0,0,28275,0,0,0
294.730226961,11.4353019487,11.4575010779,121.0,0,28394,0,0,0
302.505199371,11.3080163071,11.3387878619,121.0,0,28516,0,0,0
286.871504956,11.7537598314,11.811615882,121.0,0,28638,0,0,0
